OverallQual      0.559526
GrLivArea        0.481621
GarageCars       0.368740
YearBuilt        0.365210
TotalBsmtSF      0.364515
GarageArea       0.363864
1stFlrSF         0.309635
GarageYrBlt      0.296025
MSSubClass       0.278893
128              0.264587
FullBath         0.256942
YearRemodAdd     0.243972
185              0.221587
127              0.218187
TotRmsAbvGrd     0.218121
201              0.217858
143              0.212195
2ndFlrSF         0.194649
LotFrontage      0.189040
142              0.181654
Fireplaces       0.176414
184              0.175396
136              0.171999
LotArea          0.158142
BsmtFinSF1       0.146607
OpenPorchSF      0.137620
140              0.122921
170              0.118965
BsmtUnfSF        0.118960
OverallCond      0.115754
154              0.115336
199              0.111417
WoodDeckSF       0.104871
198              0.100997
174              0.099483
MasVnrArea       0.098625
200              0.096255
135              0.093431
122              0.088744
10               0.088406
HalfBath         0.088238
106              0.086331
41               0.085947
4                0.081953
182              0.080774
229              0.079444
221              0.078038
BedroomAbvGr     0.077586
37               0.076451
7                0.075258
176              0.072208
175              0.063905
181              0.063557
125              0.061713
194              0.057484
214              0.057290
3                0.050263
46               0.049802
223              0.048680
183              0.046241
33               0.045109
40               0.045048
212              0.043935
123              0.039208
34               0.038632
151              0.037873
1                0.037676
177              0.037039
148              0.035732
107              0.035153
77               0.033894
152              0.032164
EnclosedPorch    0.031179
228              0.030868
134              0.030721
BsmtFullBath     0.029796
102              0.029143
30               0.027079
42               0.026808
50               0.026614
157              0.026513
KitchenAbvGr     0.026267
206              0.025894
203              0.024908
117              0.024622
72               0.024309
69               0.024292
196              0.024158
172              0.023820
192              0.021766
47               0.021547
115              0.021158
149              0.020682
39               0.020654
158              0.020458
144              0.019809
18               0.019370
100              0.019121
21               0.019041
178              0.018893
126              0.018222
44               0.018032
156              0.017685
73               0.017158
137              0.017076
32               0.017050
167              0.016661
171              0.015494
130              0.015471
0                0.015411
208              0.015286
81               0.015004
222              0.014720
25               0.014491
79               0.014317
70               0.014268
31               0.013959
28               0.013870
67               0.013308
ScreenPorch      0.013256
109              0.012822
35               0.012465
119              0.012428
BsmtHalfBath     0.012262
83               0.012201
99               0.011045
216              0.010895
29               0.010413
8                0.010150
22               0.009924
48               0.009862
197              0.009828
45               0.009813
78               0.009289
211              0.009213
133              0.009141
179              0.008985
63               0.008552
121              0.008483
14               0.008055
88               0.007716
11               0.007661
169              0.007645
103              0.007570
92               0.007420
225              0.007319
13               0.007101
220              0.006653
38               0.006475
193              0.006450
160              0.006371
189              0.006304
111              0.006033
62               0.006023
23               0.005819
68               0.005662
191              0.005602
219              0.005565
213              0.005527
218              0.005403
64               0.005390
180              0.005328
93               0.005229
207              0.004794
153              0.004553
112              0.004433
224              0.004173
26               0.004155
226              0.004069
PoolArea         0.004005
129              0.003668
3SsnPorch        0.003579
118              0.003457
BsmtFinSF2       0.003384
84               0.003292
101              0.003066
146              0.002975
65               0.002522
168              0.002484
139              0.002304
94               0.002109
53               0.002008
17               0.001968
190              0.001965
27               0.001917
155              0.001910
54               0.001828
150              0.001755
210              0.001492
80               0.001334
104              0.001241
138              0.001202
43               0.001017
132              0.000945
163              0.000818
YrSold           0.000788
215              0.000254
187              0.000246
141              0.000228
195              0.000018
LowQualFinSF     0.000000
204              0.000000
205              0.000000
217              0.000000
209              0.000000
MoSold           0.000000
MiscVal          0.000000
2                0.000000
202              0.000000
131              0.000000
49               0.000000
110              0.000000
108              0.000000
105              0.000000
113              0.000000
116              0.000000
114              0.000000
120              0.000000
124              0.000000
82               0.000000
74               0.000000
75               0.000000
76               0.000000
227              0.000000
71               0.000000
86               0.000000
85               0.000000
91               0.000000
90               0.000000
89               0.000000
87               0.000000
96               0.000000
95               0.000000
98               0.000000
97               0.000000
58               0.000000
57               0.000000
56               0.000000
55               0.000000
51               0.000000
52               0.000000
164              0.000000
159              0.000000
147              0.000000
59               0.000000
60               0.000000
61               0.000000
66               0.000000
145              0.000000
161              0.000000
162              0.000000
12               0.000000
9                0.000000
5                0.000000
6                0.000000
16               0.000000
15               0.000000
19               0.000000
20               0.000000
36               0.000000
24               0.000000
166              0.000000
165              0.000000
186              0.000000
173              0.000000
188              0.000000
Id               0.000000
Name: MI Scores, dtype: float64
